4.435994960509326984e-02
1.940491652889661522e-02
2.749360693842561529e-02
1.997422761062993268e-02
3.514377034891148777e-02
2.768834552224498993e-02
1.177051787257471331e-02
1.159614215955115726e-02
1.798519344275232093e-02
2.812043263597881551e-02
2.081865020269569808e-02
2.420155327903506307e-02
3.189690217060349442e-02
3.773365806345748558e-02
4.099539188267328077e-02
2.336912109625335562e-02
2.862383983671346749e-02
2.861735983676851405e-02
3.307642717352263229e-02
2.847088658878297804e-02
3.782073251360684729e-02
3.279742780605701680e-02
4.366180107338740735e-02
3.532434175928660797e-02
2.592829627279446061e-02
2.745245570050838108e-02
3.951691910293789883e-02
3.194339291779090678e-02
3.154225867396324989e-02
2.291825550482527382e-02
3.488236911380633576e-02
3.293046085361341080e-02
3.131572691517812979e-02
3.333138509780395747e-02
2.662584920244584485e-02
2.930199731000341853e-02
1.869947044268217839e-02
3.118393183216567124e-02
3.179478190810523103e-02
2.928517275488080537e-02
2.325309188629484311e-02
1.709277252979858261e-02
1.868556651104357619e-02
1.758311816569806812e-02
1.618368770438788351e-02
1.715872649977848857e-02
2.563139019464110227e-02
1.573538958222424344e-02
1.572308738899361874e-02
1.422823458011542724e-02
1.985906584762302945e-02
1.805967613053639440e-02
2.197259978544666842e-02
1.414791077279570555e-02
1.976030451691789674e-02
2.248008014373279254e-02
2.265438273061607874e-02
2.112350455151943210e-02
2.025723447753683196e-02
2.105079009182708738e-02
2.090967267808903005e-02
2.398179496359934340e-02
1.484887476664865751e-02
2.925578024316282874e-02
3.208726418769566879e-02
2.303263058818002043e-02
2.213109963914943953e-02
1.186024832388444562e-02
2.951782764491572494e-02
2.544988683215441971e-02
2.461636857227270450e-02
1.544401659468424941e-02
1.153846176771021990e-02
2.229299495933889305e-02
1.302481528472801409e-02
2.237807095966653018e-02
1.921304442810016153e-02
1.944719882941241262e-02
1.677246619920420498e-02
2.147113891907396002e-02
1.760851796069207165e-02
1.633341175973281739e-02
1.776384622201150620e-02
2.182401000307164843e-02
2.379011212443039522e-02
1.866883123103457026e-02
1.467020993311478338e-02
1.721630959044040399e-02
1.876644321576583646e-02
2.179487187128796577e-02
1.826867546625170896e-02
1.883491841243430109e-02
2.169882345154010989e-02
3.011943382800250785e-02
2.122765002458358585e-02
1.727975486326452023e-02
2.469531531284986994e-02
2.421138480439240584e-02
2.416313491433614430e-02
2.793861925601960616e-02
2.566263565550688103e-02
3.050582159317715564e-02
3.021661540627927287e-02
2.245275357007526715e-02
2.185314492537436190e-02
2.222413836891789715e-02
2.465626169483436589e-02
2.631426139380591347e-02
1.931380556085783226e-02
2.530728252034392112e-02
2.252409079065737993e-02
2.135251997520575679e-02
2.390809855146077550e-02
2.922906963532913988e-02
1.899028653833094091e-02
1.571411939955561984e-02
1.913721239774331812e-02
2.066115651647176116e-02
1.738746623391090873e-02
1.795483560858253391e-02
2.183342054918607084e-02
1.720216941038252290e-02
1.867557434609153771e-02
1.897334380888620123e-02
1.866883168719243175e-02
2.332344576859437732e-02
2.130136157120074078e-02
1.506410327095257518e-02
1.057286777524005239e-02
2.494917245337765696e-02
1.762820568222262310e-02
2.227477157965793847e-02
1.474359069879241022e-02
2.608998173049505848e-02
1.648127704305097155e-02
2.715011391795896581e-02
1.349703967571272596e-02
1.641983294671211374e-02
1.885694372211334582e-02
2.398340723891502491e-02
1.233060037334683494e-02
1.600140713630850836e-02
1.886129141161115019e-02
1.586430175472659104e-02
1.596113834672305276e-02
1.744868045853036065e-02
1.697242361491006421e-02
9.580107146849183020e-03
1.649466675839266275e-02
1.712150299070454990e-02
1.727736642470165812e-02
2.177847580183918386e-02
1.230939453832625465e-02
9.446616238550684108e-03
1.928989856427210797e-02
1.011711611811607660e-02
2.884615441927555063e-02
1.509346473262687498e-02
9.487944359035259748e-03
1.674184686582506215e-02
1.061184562117090287e-02
1.259233517976281885e-02
1.330589189441244019e-02
1.046037381658191864e-02
8.535386896072871127e-03
1.284965156362616323e-02
1.478432282349303323e-02
1.180827019304865090e-02
1.753370910598410840e-02
3.934697240822152171e-03
4.577323993806799336e-03
6.277611798337382962e-03
1.186787453495058951e-02
9.220527640736563696e-03
7.609906038467439786e-03
9.977828591717825130e-03
1.825704681197994408e-02
1.200139275466913930e-02
7.901336785078504066e-03
2.294455192285104958e-02
1.645569823965262191e-02
6.435007662386642464e-03
9.393358585244138831e-03
9.429556728557813433e-03
7.916570609976494172e-03
1.266192192443648529e-02
9.615386334749445249e-03
8.800465477922167490e-03
6.439395535450723358e-03
6.476910826497174305e-03
7.040197427137978407e-03
4.696198758117852735e-03
1.290721007722797631e-02
9.328468123995879019e-03
4.946439613930739970e-03
6.132296493748758646e-03
1.611305492428635050e-02
1.252111267539522156e-02
7.919013443157417800e-03
1.108859487020264281e-02
1.092880525227108400e-02
6.017762736673356282e-03
5.645444809856244028e-03
5.228000212782297866e-03
3.576375279329527083e-03
1.531589187172931361e-02
4.733624098217667150e-03
1.660281122872668200e-02
1.089406670920788425e-02
5.313249911416804798e-03
3.812318117387799871e-03
6.543140616386589579e-03
7.221479930608981634e-03
5.121640985051727039e-03
4.539673963120861855e-03
5.769232717844266674e-03
2.817312730386889626e-03
2.438177094148933147e-03
1.713624110998798224e-03
1.358148650765082224e-03
2.583981022354237336e-03
3.833868061772709168e-03
1.161779801304646054e-03
3.172591517721820489e-03
4.472845659469133414e-03
2.609023216123540208e-04
2.567396160879700188e-03
1.366837640184001383e-03
2.171397949479736845e-03
1.278774741360844775e-03
1.280412020664780087e-03
7.055806838372806478e-03
6.365398932688573052e-04
2.018253487970023997e-03
1.553251907027625818e-03
2.565749376687124182e-03
1.275512712950667383e-03
2.365869557455181248e-09
1.282875816205744429e-03
1.540341740831642752e-03
5.750800854862829319e-03
1.977551120714099876e-03
2.729983753900520623e-09
2.562462138029598761e-03
3.843692042443951247e-03
6.402071932670621354e-04
1.925547675388321117e-03
1.276326658775787763e-03
3.229975815891425982e-03
1.358148650765082224e-03
1.621311105740236508e-03
3.630556904089131311e-03
9.925868469855020793e-04
1.280412020664993024e-03
1.905974734389756422e-03
1.293662757182780995e-03
4.023560199162372168e-03
1.920616848062924129e-03
2.081890142600895371e-03
6.439169989963041026e-04
1.276326658775787763e-03
2.562462138029598761e-03
2.402490447999641307e-09
3.184156985546362454e-03
5.758159448913001063e-03
6.410258320661725746e-03
2.564104703756547171e-03
5.750800854862829319e-03
1.089967907981734567e-03
6.410278953039583172e-04
1.959920727753776711e-09
8.708015940661191999e-05
1.773488859003454914e-09
1.277141644123459515e-03
1.284523621230216229e-03
1.277957670985527261e-03
6.402071932672752895e-04
2.475592467975113736e-09
1.273887931920779067e-03
2.034157131210500420e-09
2.255724365047423555e-09
8.708015940661191999e-05
2.559183312011629671e-03
1.287003281493875840e-03
2.560821675460641864e-03
3.846155909391677820e-03
2.575661893514036987e-03
1.282053498121416739e-03
1.932991572569421352e-03
3.843692042443951247e-03
1.281232233615459430e-03
2.475592467975113736e-09
2.808340586674366087e-03
2.182058216410609938e-09
2.729983753900520623e-09
2.657531731830576831e-09
6.365398932686454521e-04
1.272267285194188680e-03
1.959920727753776711e-09
6.418507044057766711e-04
2.693780908075280063e-09
2.729983753900520623e-09
2.512073137841314944e-09
2.218915038872644493e-09
2.475592467975113736e-09
1.930503886639029203e-03
6.422629016443232204e-04
2.547773206309825698e-03
2.402490447999641307e-09
2.475592467975113736e-09
2.512073137841314944e-09
2.439064934677557360e-09
2.402490447999641307e-09
2.402490447999641307e-09
1.268233652725768738e-03
2.329201107024872835e-09
2.621236773419731559e-09
2.218914611315639660e-09
2.621236773419731559e-09
2.145154448247348162e-09
2.657531731830576831e-09
2.145154234194066479e-09
1.997062738546748646e-09
2.402490447999641307e-09
2.439064934677557360e-09
3.196463283335897064e-09
1.287003281493875840e-03
2.475592467975113736e-09
6.426756286987300075e-04
2.729983753900520623e-09
2.292486286273961236e-09
2.071203997671922578e-09
2.621236773419731559e-09
2.946237255008705896e-09
3.053748483263629090e-09
2.584895520419076929e-09
2.255724365047423555e-09
2.729983753900520623e-09
2.145154448247348162e-09
2.034157131210500420e-09
2.621236773419731559e-09
2.145154234194066479e-09
2.402490447999641307e-09
1.997062738546748646e-09
2.218915038872644493e-09
2.034157131210500420e-09
2.365869557455181248e-09
3.267551530757351622e-09
3.053748483263629090e-09
1.288661714067122462e-03
2.475592255152809153e-09
2.402490447999641307e-09
1.560293581973617874e-03
1.753893695846351643e-04
2.402490447999641307e-09
2.475592467975113736e-09
2.657531731830576831e-09
2.292486286273961236e-09
2.512073137841314944e-09
2.475592255152809153e-09
2.584895520419076929e-09
2.609023216121416256e-04
2.108203001239562764e-09
1.959920727753776711e-09
2.108202787048626232e-09
2.218914611315639660e-09
2.621236773419731559e-09
2.292486286273961236e-09
1.289492534253719761e-03
2.802251442326762821e-09
1.924312596446647785e-03
2.766140569406848200e-09
1.282053498121416739e-03
2.621236773419731559e-09
2.034157345677278938e-09
1.912048396371278857e-03
6.402071932670621354e-04
2.402490447999641307e-09
2.034157345677278938e-09
2.182058216410609938e-09
2.766140569406848200e-09
1.757282802125071102e-04
3.487584383594029866e-04
2.439064934677557360e-09
2.292486286273961236e-09
8.735889276605674609e-05
2.292486286273961236e-09
2.255724151406046798e-09
2.402490447999641307e-09
2.145154448247348162e-09
2.693780696065791688e-09
1.997062738546748646e-09
6.337164699351227051e-04
1.266627352474465401e-03
2.693780908075280063e-09
6.418507044057766711e-04
2.766140569406848200e-09
6.418507044057766711e-04
6.373512129484166892e-04
2.512073137841314944e-09
2.145154448247348162e-09
2.108202787048626232e-09
2.365869344224127020e-09
2.402490447999641307e-09
2.512073137841314944e-09
1.773488643565610818e-09
2.766140569406848200e-09
2.329201533760179196e-09
3.017956770566103875e-09
2.071203997671922578e-09
2.218915038872644493e-09
2.365869557455181248e-09
2.292486286273961236e-09
1.922730576903712561e-09
2.034157131210500420e-09
2.584895308003957793e-09
2.439064508760796674e-09
2.182058216410609938e-09
2.402490447999641307e-09
2.071203997671922578e-09
2.548507246546232126e-09
2.329201107024872835e-09
2.182058216410609938e-09
2.621236773419731559e-09
1.959920727753776711e-09
2.071203997671922578e-09
2.218915038872644493e-09
2.475592255152809153e-09
2.548507459096906726e-09
6.447472470872237134e-04
6.389800732891038823e-04
2.693780908075280063e-09
2.621236773419731559e-09
2.145154234194066479e-09
2.182058216410609938e-09
1.997062738546748646e-09
2.329201533760179196e-09
2.108202787048626232e-09
2.475592255152809153e-09
2.982119723210317767e-09
2.402490447999641307e-09
2.644431729737722978e-04
1.548172845333850093e-09
2.292486286273961236e-09
2.218915038872644493e-09
2.145154448247348162e-09
1.997062738546748646e-09
2.365869344224127020e-09
2.145154448247348162e-09
2.145154448247348162e-09
2.621236773419731559e-09
2.402490447999641307e-09
2.145154234194066479e-09
2.402490447999641307e-09
2.475592255152809153e-09
2.182058216410609938e-09
2.621236773419731559e-09
2.657531731830576831e-09
2.512073137841314944e-09
2.108202787048626232e-09
1.959920727753776711e-09
2.439064934677557360e-09
2.621236773419731559e-09
2.071203997671922578e-09
2.838316460169954313e-09
2.255724151406046798e-09
2.874335498887135228e-09
2.548507246546232126e-09
2.802251230721358379e-09
2.218915038872644493e-09
2.034157345677278938e-09
2.584895520419076929e-09
2.218915038872644493e-09
2.512073137841314944e-09
2.402490447999641307e-09
2.584895308003957793e-09
3.487584383594029866e-04
1.757282802127217009e-04
3.450089885341982928e-04
2.402490447999641307e-09
3.519079762120062957e-04
2.584895308003957793e-09
4.401684307608189463e-04
2.625765367402392103e-04
3.512282948763080287e-04
8.775213280238076908e-05
1.752747591479690125e-03
4.373454107086086778e-04
3.498767797114609194e-04
7.847034374769031040e-04
4.387523791965561434e-04
1.132735219626461497e-03
1.576459936094163012e-03
6.952918282429965471e-04
2.539850785782939765e-03
7.862114012811741810e-04
1.650262733173678883e-03
2.092538434831318645e-03
2.019553033290896402e-03
4.481022217378188670e-03
